 -100  -28  111   91  -67  -85   -2   -3   16  -93  -60   76  -64   86   70  -86
  -16  -98  -30  123  -78   32 -108  -96    6  -28  -80  116   -2  -98   93  -95
  -19  -43   67   11  103  -20  -12   63   21  -97   26 -114  -38   28  118   15
   62  -13   81  -89   83   53 -118   41  102    4   72  126  -31  -60   82   -4
   66   78   94   91   36   29  -22  -44  -45  -92  -32 -101   17   63  -42   80
  -81  -51  -14    3   69   -8  124   81   79  -17  109   30    2   50   74    7
   78   89  -47   66   77  -67  107  -31 -104  -78   58 -125  -33   77  -92  107
   71  -66  -70  -71   83  -27  -30  120   33 -115   -6  -73 -123   79  -38  -98
   87   22   52  -97   63   49   98   53   84   20  -26   33   28   82  -97   81
   37  103  -51  113  113  -30
