   58   67  111  125  -45   39  122   86   17  119  116  -46  -26   98  125  -21
   39  -75   46  -64   99  -11   70  -24   44  113   95   22   38  120   32    1
   12   65  -90  -89   46   44  -93 -100   71   93   -5  111  -24   70  -40  123
   95   25 -104  -14  115  -83  -86 -115   88 -100  -68   94   35 -114   12 -118
 -127  -77   15 -103 -102   83  -78   47   20   62   32 -108  -32   52 -108  -27
   91  -85 -103   26  115 -110  -59  -74  -44   33  -59 -114    1  -96  -90 -122
   82  -51  -59   45    2  101   63  116   36 -125   53   81  -90  120   33    8
    9 -125   93   19  -17    9  -55  117    6  -29   88   87    2   62  -53  127
   54  -39    8   69  -96  -75   48  117  -42  -14  -99    2 -108    3   51    2
   12  -14   47   81  114  -69
